0.01 0.502976 1.02142
0.02 0.506173 1.0432
0.03 0.509591 1.06534
0.04 0.513233 1.08788
0.05 0.517099 1.11081
0.06 0.521192 1.13416
0.07 0.525513 1.15794
0.08 0.530064 1.18217
0.09 0.534849 1.20687
0.1 0.539868 1.23206
0.11 0.545126 1.25775
0.12 0.550625 1.28396
0.13 0.55637 1.31071
0.14 0.562362 1.33803
0.15 0.568606 1.36594
0.16 0.575105 1.39445
0.17 0.581864 1.4236
0.18 0.588887 1.4534
0.19 0.596177 1.48388
0.2 0.60374 1.51507
0.21 0.611579 1.54699
0.22 0.6197 1.57967
0.23 0.628106 1.61315
0.24 0.636802 1.64744
0.25 0.645792 1.68259
0.26 0.655081 1.71863
0.27 0.664674 1.75559
0.28 0.674574 1.79351
0.29 0.684785 1.83242
0.3 0.695312 1.87237
0.31 0.706157 1.91339
0.32 0.717326 1.95552
0.33 0.72882 1.99881
0.34 0.740644 2.04331
0.35 0.7528 2.08905
0.36 0.76529 2.1361
0.37 0.778117 2.18449
0.38 0.791283 2.23429
0.39 0.804791 2.28554
0.4 0.818641 2.3383
0.41 0.832835 2.39263
0.42 0.847374 2.44859
0.43 0.862259 2.50624
0.44 0.877492 2.56564
0.45 0.893073 2.62686
0.46 0.909001 2.68997
0.47 0.925279 2.75503
0.48 0.941906 2.82213
0.49 0.958882 2.89134
0.5 0.976208 2.96272
0.51 0.993883 3.03637
0.52 1.01191 3.11237
0.53 1.03028 3.19079
0.54 1.04901 3.27173
0.55 1.06808 3.35528
0.56 1.08751 3.44153
0.57 1.10728 3.53057
0.58 1.12741 3.6225
0.59 1.14788 3.71743
0.6 1.16871 3.81546
0.61 1.18988 3.91669
0.62 1.21141 4.02124
0.63 1.23328 4.12921
0.64 1.25551 4.24073
0.65 1.27808 4.35592
0.66 1.30101 4.47489
0.67 1.32428 4.59777
0.68 1.34791 4.7247
0.69 1.37188 4.85581
0.7 1.39621 4.99123
0.71 1.42088 5.13111
0.72 1.44591 5.27559
0.73 1.47128 5.42481
0.74 1.49701 5.57893
0.75 1.52308 5.73811
0.76 1.54951 5.90251
0.77 1.57628 6.07228
0.78 1.60341 6.2476
0.79 1.63088 6.42865
0.8 1.65871 6.61559
0.81 1.68688 6.80861
0.82 1.71541 7.0079
0.83 1.74428 7.21365
0.84 1.77351 7.42604
0.85 1.80308 7.64529
0.86 1.83301 7.87159
0.87 1.86328 8.10515
0.88 1.89391 8.3462
0.89 1.92488 8.59494
0.9 1.95621 8.8516
0.91 1.98788 9.11642
0.92 2.01991 9.38963
0.93 2.05228 9.67147
0.94 2.08501 9.96218
0.95 2.11808 10.262
0.96 2.15151 10.5712
0.97 2.18528 10.8901
0.98 2.21941 11.2189
0.99 2.25388 11.5578
