0.01 0.502975 1.02142
0.02 0.506171 1.0432
0.03 0.509589 1.06535
0.04 0.51323 1.08789
0.05 0.517096 1.11082
0.06 0.521187 1.13417
0.07 0.525507 1.15796
0.08 0.530058 1.18219
0.09 0.534841 1.20689
0.1 0.53986 1.23208
0.11 0.545117 1.25777
0.12 0.550615 1.28399
0.13 0.556359 1.31074
0.14 0.56235 1.33807
0.15 0.568593 1.36597
0.16 0.575091 1.39449
0.17 0.581849 1.42364
0.18 0.588871 1.45344
0.19 0.596161 1.48392
0.2 0.603723 1.51511
0.21 0.611561 1.54704
0.22 0.619681 1.57972
0.23 0.628086 1.6132
0.24 0.636781 1.6475
0.25 0.645771 1.68266
0.26 0.655059 1.7187
0.27 0.664651 1.75566
0.28 0.67455 1.79358
0.29 0.684761 1.8325
0.3 0.695287 1.87245
0.31 0.706132 1.91347
0.32 0.7173 1.95561
0.33 0.728794 1.9989
0.34 0.740618 2.0434
0.35 0.752773 2.08915
0.36 0.765263 2.1362
0.37 0.77809 2.1846
0.38 0.791256 2.2344
0.39 0.804763 2.28566
0.4 0.818613 2.33842
0.41 0.832806 2.39275
0.42 0.847346 2.44872
0.43 0.862231 2.50637
0.44 0.877464 2.56578
0.45 0.893044 2.627
0.46 0.908973 2.69012
0.47 0.92525 2.75519
0.48 0.941877 2.82229
0.49 0.958853 2.8915
0.5 0.976179 2.96289
0.51 0.993855 3.03655
0.52 1.01188 3.11255
0.53 1.03026 3.19098
0.54 1.04898 3.27193
0.55 1.06806 3.35548
0.56 1.08748 3.44174
0.57 1.10726 3.53078
0.58 1.12738 3.62273
0.59 1.14786 3.71766
0.6 1.16868 3.8157
0.61 1.18986 3.91694
0.62 1.21138 4.02149
0.63 1.23326 4.12947
0.64 1.25548 4.241
0.65 1.27806 4.35619
0.66 1.30098 4.47518
0.67 1.32426 4.59807
0.68 1.34788 4.72501
0.69 1.37186 4.85613
0.7 1.39618 4.99156
0.71 1.42086 5.13144
0.72 1.44588 5.27593
0.73 1.47126 5.42516
0.74 1.49698 5.5793
0.75 1.52306 5.73849
0.76 1.54948 5.90289
0.77 1.57626 6.07268
0.78 1.60338 6.24802
0.79 1.63086 6.42907
0.8 1.65868 6.61603
0.81 1.68686 6.80907
0.82 1.71538 7.00837
0.83 1.74426 7.21412
0.84 1.77348 7.42653
0.85 1.80306 7.64579
0.86 1.83298 7.87211
0.87 1.86326 8.10569
0.88 1.89388 8.34675
0.89 1.92486 8.59551
0.9 1.95618 8.85219
0.91 1.98786 9.11703
0.92 2.01988 9.39025
0.93 2.05226 9.67211
0.94 2.08498 9.96284
0.95 2.11806 10.2627
0.96 2.15148 10.5719
0.97 2.18526 10.8908
0.98 2.21938 11.2196
0.99 2.25386 11.5586
