0 0
0.01 -0.0114907
0.02 -0.0229805
0.03 -0.0344686
0.04 -0.0459542
0.05 -0.0574364
0.06 -0.0689143
0.07 -0.0803871
0.08 -0.0918539
0.09 -0.103314
0.1 -0.114766
0.11 -0.12621
0.12 -0.137645
0.13 -0.149069
0.14 -0.160482
0.15 -0.171883
0.16 -0.183271
0.17 -0.194646
0.18 -0.206006
0.19 -0.217351
0.2 -0.22868
0.21 -0.239991
0.22 -0.251284
0.23 -0.262559
0.24 -0.273813
0.25 -0.285048
0.26 -0.29626
0.27 -0.30745
0.28 -0.318617
0.29 -0.32976
0.3 -0.340878
0.31 -0.35197
0.32 -0.363035
0.33 -0.374073
0.34 -0.385081
0.35 -0.396061
0.36 -0.40701
0.37 -0.417927
0.38 -0.428813
0.39 -0.439665
0.4 -0.450483
0.41 -0.461267
0.42 -0.472014
0.43 -0.482725
0.44 -0.493398
0.45 -0.504032
0.46 -0.514627
0.47 -0.525181
0.48 -0.535694
0.49 -0.546164
0.5 -0.556591
0.51 -0.566973
0.52 -0.57731
0.53 -0.587601
0.54 -0.597845
0.55 -0.60804
0.56 -0.618187
0.57 -0.628283
0.58 -0.638328
0.59 -0.64832
0.6 -0.65826
0.61 -0.668145
0.62 -0.677976
0.63 -0.68775
0.64 -0.697466
0.65 -0.707125
0.66 -0.716724
0.67 -0.726263
0.68 -0.735741
0.69 -0.745156
0.7 -0.754507
0.71 -0.763794
0.72 -0.773016
0.73 -0.782171
0.74 -0.791258
0.75 -0.800276
0.76 -0.809224
0.77 -0.818101
0.78 -0.826906
0.79 -0.835637
0.8 -0.844295
0.81 -0.852876
0.82 -0.861381
0.83 -0.869808
0.84 -0.878156
0.85 -0.886424
0.86 -0.89461
0.87 -0.902714
0.88 -0.910734
0.89 -0.918669
0.9 -0.926518
0.91 -0.93428
0.92 -0.941953
0.93 -0.949537
0.94 -0.957029
0.95 -0.964429
0.96 -0.971735
0.97 -0.978947
0.98 -0.986062
0.99 -0.993081
