0 0
0.01 0.00100035
0.02 0.0020028
0.03 0.00300945
0.04 0.0040224
0.05 0.00504376
0.06 0.00607561
0.07 0.00712008
0.08 0.00817926
0.09 0.00925525
0.1 0.0103502
0.11 0.0114661
0.12 0.0126052
0.13 0.0137696
0.14 0.0149613
0.15 0.0161826
0.16 0.0174354
0.17 0.018722
0.18 0.0200445
0.19 0.021405
0.2 0.0228056
0.21 0.0242485
0.22 0.0257358
0.23 0.0272697
0.24 0.0288524
0.25 0.0304859
0.26 0.0321724
0.27 0.0339142
0.28 0.0357134
0.29 0.0375721
0.3 0.0394926
0.31 0.0414771
0.32 0.0435277
0.33 0.0456466
0.34 0.0478361
0.35 0.0500984
0.36 0.0524357
0.37 0.0548503
0.38 0.0573443
0.39 0.0599201
0.4 0.0625799
0.41 0.0653259
0.42 0.0681605
0.43 0.0710859
0.44 0.0741043
0.45 0.0772182
0.46 0.0804299
0.47 0.0837415
0.48 0.0871556
0.49 0.0906743
0.5 0.0943001
0.51 0.0980354
0.52 0.101882
0.53 0.105844
0.54 0.109922
0.55 0.114118
0.56 0.118437
0.57 0.122879
0.58 0.127447
0.59 0.132144
0.6 0.136973
0.61 0.141935
0.62 0.147033
0.63 0.15227
0.64 0.157648
0.65 0.16317
0.66 0.168838
0.67 0.174655
0.68 0.180624
0.69 0.186746
0.7 0.193026
0.71 0.199464
0.72 0.206065
0.73 0.21283
0.74 0.219763
0.75 0.226865
0.76 0.23414
0.77 0.241591
0.78 0.24922
0.79 0.257029
0.8 0.265023
0.81 0.273202
0.82 0.281572
0.83 0.290133
0.84 0.298889
0.85 0.307844
0.86 0.316999
0.87 0.326357
0.88 0.335923
0.89 0.345698
0.9 0.355685
0.91 0.365888
0.92 0.37631
0.93 0.386953
0.94 0.397821
0.95 0.408917
0.96 0.420244
0.97 0.431804
0.98 0.443602
0.99 0.455641
1 0.467923
