0 0
0.01 3.33333e-007
0.02 2.66672e-006
0.03 9.0004e-006
0.04 2.1335e-005
0.05 4.16719e-005
0.06 7.2013e-005
0.07 0.000114361
0.08 0.000170721
0.09 0.000243098
0.1 0.0003335
0.11 0.000443935
0.12 0.000576415
0.13 0.000732952
0.14 0.000915563
0.15 0.00112627
0.16 0.00136708
0.17 0.00164003
0.18 0.00194715
0.19 0.00229046
0.2 0.00267201
0.21 0.00309381
0.22 0.00355793
0.23 0.00406641
0.24 0.00462129
0.25 0.00522463
0.26 0.0058785
0.27 0.00658496
0.28 0.00734607
0.29 0.00816392
0.3 0.00904059
0.31 0.00997816
0.32 0.0109787
0.33 0.0120444
0.34 0.0131773
0.35 0.0143795
0.36 0.0156531
0.37 0.0170003
0.38 0.0184232
0.39 0.0199239
0.4 0.0215047
0.41 0.0231675
0.42 0.0249147
0.43 0.0267484
0.44 0.0286708
0.45 0.030684
0.46 0.0327903
0.47 0.0349919
0.48 0.037291
0.49 0.0396898
0.5 0.0421906
0.51 0.0447956
0.52 0.0475071
0.53 0.0503273
0.54 0.0532586
0.55 0.0563032
0.56 0.0594634
0.57 0.0627416
0.58 0.0661401
0.59 0.0696611
0.6 0.0733072
0.61 0.0770805
0.62 0.0809836
0.63 0.0850188
0.64 0.0891885
0.65 0.0934951
0.66 0.097941
0.67 0.102529
0.68 0.107261
0.69 0.112139
0.7 0.117167
0.71 0.122347
0.72 0.127681
0.73 0.133172
0.74 0.138822
0.75 0.144633
0.76 0.15061
0.77 0.156753
0.78 0.163066
0.79 0.169552
0.8 0.176212
0.81 0.18305
0.82 0.190068
0.83 0.197269
0.84 0.204656
0.85 0.212232
0.86 0.219999
0.87 0.227959
0.88 0.236117
0.89 0.244474
0.9 0.253033
0.91 0.261798
0.92 0.270771
0.93 0.279955
0.94 0.289354
0.95 0.298969
0.96 0.308804
0.97 0.318861
0.98 0.329145
0.99 0.339658
1 0.350402
