0 0
0.01 1.33335e-006
0.02 4.66685e-006
0.03 1.20009e-005
0.04 2.53361e-005
0.05 4.6674e-005
0.06 7.80166e-005
0.07 0.000121367
0.08 0.00017873
0.09 0.000252111
0.1 0.000343517
0.11 0.000454957
0.12 0.000588444
0.13 0.000745989
0.14 0.000929609
0.15 0.00114132
0.16 0.00138315
0.17 0.00165712
0.18 0.00196525
0.19 0.00230958
0.2 0.00269214
0.21 0.00311497
0.22 0.00358011
0.23 0.00408961
0.24 0.00464552
0.25 0.00524989
0.26 0.00590479
0.27 0.00661229
0.28 0.00737444
0.29 0.00819333
0.3 0.00907104
0.31 0.0100097
0.32 0.0110113
0.33 0.012078
0.34 0.0132119
0.35 0.0144152
0.36 0.0156899
0.37 0.0170381
0.38 0.0184621
0.39 0.0199639
0.4 0.0215457
0.41 0.0232097
0.42 0.024958
0.43 0.0267928
0.44 0.0287162
0.45 0.0307306
0.46 0.032838
0.47 0.0350407
0.48 0.0373409
0.49 0.0397408
0.5 0.0422427
0.51 0.0448489
0.52 0.0475615
0.53 0.0503829
0.54 0.0533153
0.55 0.056361
0.56 0.0595224
0.57 0.0628017
0.58 0.0662014
0.59 0.0697236
0.6 0.0733708
0.61 0.0771454
0.62 0.0810497
0.63 0.085086
0.64 0.0892569
0.65 0.0935647
0.66 0.0980119
0.67 0.102601
0.68 0.107334
0.69 0.112214
0.7 0.117243
0.71 0.122424
0.72 0.127759
0.73 0.133251
0.74 0.138903
0.75 0.144716
0.76 0.150693
0.77 0.156838
0.78 0.163152
0.79 0.169639
0.8 0.176301
0.81 0.18314
0.82 0.19016
0.83 0.197362
0.84 0.204751
0.85 0.212328
0.86 0.220096
0.87 0.228058
0.88 0.236217
0.89 0.244575
0.9 0.253136
0.91 0.261902
0.92 0.270877
0.93 0.280062
0.94 0.289462
0.95 0.299079
0.96 0.308915
0.97 0.318974
0.98 0.32926
0.99 0.339774
1 0.35052
