0 0 0.0790696
0.025 0.301387 0.0790736
0.05 0.559119 0.0789194
0.075 0.75056 0.0786074
0.1 0.860552 0.0781388
0.125 0.882497 0.0775151
0.15 0.818582 0.0767384
0.175 0.679135 0.0758113
0.2 0.481238 0.074737
0.225 0.246755 0.073519
0.25 9.53724e-017 0.0721615
0.275 -0.234721 0.0706689
0.3 -0.435442 0.0690463
0.325 -0.584537 0.067299
0.35 -0.670198 0.065433
0.375 -0.687289 0.0634544
0.4 -0.637512 0.0613698
0.425 -0.528911 0.0591861
0.45 -0.374788 0.0569105
0.475 -0.192173 0.0545505
0.5 -1.48552e-016 0.0521138
0.525 0.182801 0.0496085
0.55 0.339123 0.0470428
0.575 0.455238 0.0444249
0.6 0.521951 0.0417633
0.625 0.535261 0.0390667
0.65 0.496495 0.0363437
0.675 0.411916 0.0336029
0.7 0.291886 0.030853
0.725 0.149665 0.0281028
0.75 1.73539e-016 0.0253608
0.775 -0.142365 0.0226356
0.8 -0.264109 0.0199356
0.825 -0.35454 0.0172689
0.85 -0.406496 0.0146438
0.875 -0.416862 0.0120679
0.9 -0.386671 0.00954906
0.925 -0.320801 0.00709446
0.95 -0.227321 0.00471121
0.975 -0.116559 0.00240604
1 -1.80203e-016 0.000185342
1.025 0.110874 -0.00194486
1.05 0.205688 -0.00397892
1.075 0.276116 -0.00591162
1.1 0.316579 -0.00773814
1.125 0.324652 -0.00945412
1.15 0.301139 -0.0110556
1.175 0.24984 -0.0125393
1.2 0.177038 -0.013902
1.225 0.0907761 -0.0151414
1.25 1.75428e-016 -0.0162555
1.275 -0.0863489 -0.0172427
1.3 -0.16019 -0.0181022
1.325 -0.215039 -0.0188333
1.35 -0.246552 -0.0194362
1.375 -0.25284 -0.0199114
1.4 -0.234528 -0.0202598
1.425 -0.194575 -0.0204829
1.45 -0.137877 -0.0205829
1.475 -0.0706965 -0.020562
1.5 -1.63948e-016 -0.0204232
1.525 0.0672486 -0.0201698
1.55 0.124756 -0.0198057
1.575 0.167473 -0.0193349
1.6 0.192015 -0.0187621
1.625 0.196912 -0.0180921
1.65 0.18265 -0.0173303
1.675 0.151536 -0.0164823
1.7 0.107379 -0.015554
1.725 0.0550585 -0.0145514
1.75 1.48963e-016 -0.0134811
1.775 -0.0523733 -0.0123497
1.8 -0.0971602 -0.011164
1.825 -0.130428 -0.009931
1.85 -0.149541 -0.00865776
1.875 -0.153355 -0.00735152
1.9 -0.142248 -0.00601956
1.925 -0.118016 -0.00466919
1.95 -0.0836266 -0.00330774
1.975 -0.0428796 -0.0019425
2 -1.32586e-016 -0.000580719
2.025 0.0407883 0.00077044
2.05 0.0756685 0.00210394
2.075 0.101577 0.00341287
2.1 0.116463 0.00469051
2.125 0.119433 0.00593033
2.15 0.110783 0.00712605
2.175 0.0919109 0.0082716
2.2 0.0651285 0.00936125
2.225 0.0333947 0.0103895
2.25 1.16165e-016 0.0113513
2.275 -0.031766 0.0122418
2.3 -0.0589307 0.0130565
2.325 -0.0791085 0.0137916
2.35 -0.0907015 0.0144433
2.375 -0.0930145 0.0150084
2.4 -0.0862779 0.0154842
2.425 -0.0715803 0.0158683
2.45 -0.0507221 0.0161588
2.475 -0.0260078 0.0163544
2.5 -1.00522e-016 0.016454
2.525 0.0247394 0.0164572
2.55 0.0458953 0.016364
2.575 0.0616097 0.0161748
2.6 0.0706384 0.0158906
2.625 0.0724398 0.0155127
2.65 0.0671933 0.015043
2.675 0.0557468 0.0144838
2.7 0.0395024 0.0138378
2.725 0.0202549 0.0131083
2.75 3.13232e-016 0.0122989
2.775 -0.019267 0.0114135
2.8 -0.0357433 0.0104565
2.825 -0.0479817 0.00943279
2.85 -0.0550132 0.00834736
2.875 -0.0564161 0.00720568
2.9 -0.0523302 0.00601351
2.925 -0.0434156 0.00477686
2.95 -0.0307645 0.00350201
2.975 -0.0157745 0.00219549
3 -7.31635e-017 0.000864
3.025 0.0150052 -0.000485565
3.05 0.0278369 -0.00184617
3.075 0.0373682 -0.00321066
3.1 0.0428443 -0.0045718
3.125 0.0439369 -0.00592228
3.15 0.0407548 -0.0072548
3.175 0.0338121 -0.00856202
3.2 0.0239594 -0.00983668
3.225 0.0122852 -0.0110716
3.25 -7.60256e-017 -0.0122595
3.275 -0.0116861 -0.0133936
3.3 -0.0216794 -0.014467
3.325 -0.0291024 -0.015473
3.35 -0.0333672 -0.0164052
3.375 -0.0342181 -0.0172575
3.4 -0.0317399 -0.0180238
3.425 -0.0263329 -0.0186987
3.45 -0.0186596 -0.0192768
3.475 -0.00956773 -0.0197531
3.5 -5.17719e-017 -0.020123
3.525 0.00910111 -0.0203825
3.55 0.0168839 -0.0205276
3.575 0.022665 -0.020555
3.6 0.0259864 -0.0204617
3.625 0.0266491 -0.0202454
3.65 0.024719 -0.019904
3.675 0.0205081 -0.0194359
3.7 0.0145321 -0.0188402
3.725 0.00745136 -0.0181162
3.75 1.26752e-016 -0.017264
3.775 -0.00708795 -0.0162839
3.8 -0.0131492 -0.015177
3.825 -0.0176515 -0.0139447
3.85 -0.0202382 -0.0125889
3.875 -0.0207543 -0.0111122
3.9 -0.0192512 -0.00951739
3.925 -0.0159717 -0.00780796
3.95 -0.0113176 -0.00598778
3.975 -0.00580312 -0.0040612
4 -3.58871e-017 -0.002033
4.025 0.0055201 9.1619e-005
4.05 0.0102406 0.00230703
4.075 0.013747 0.00460724
4.1 0.0157616 0.00698587
4.125 0.0161635 0.00943621
4.15 0.0149929 0.0119512
4.175 0.0124388 0.0145236
4.2 0.00881418 0.0171457
4.225 0.00451948 0.0198097
4.25 -2.0981e-017 0.0225075
4.275 -0.00429906 0.0252309
4.3 -0.0079754 0.0279716
4.325 -0.0107062 0.030721
4.35 -0.0122751 0.0334704
4.375 -0.0125881 0.0362113
4.4 -0.0116764 0.0389349
4.425 -0.00968734 0.0416325
4.45 -0.00686449 0.0442956
4.475 -0.00351977 0.0469154
4.5 -2.44875e-017 0.0494836
4.525 0.00334811 0.0519917
4.55 0.00621125 0.0544317
4.575 0.00833797 0.0567954
4.6 0.00955986 0.0590751
4.625 0.00980366 0.0612634
4.65 0.00909362 0.0633529
4.675 0.00754451 0.0653368
4.7 0.00534607 0.0672085
4.725 0.0027412 0.0689617
4.75 5.08673e-017 0.0705906
4.775 -0.00260751 0.0720898
4.8 -0.00483732 0.0734541
4.825 -0.00649362 0.0746792
4.85 -0.00744523 0.0757608
4.875 -0.00763509 0.0766953
4.9 -0.00708212 0.0774796
4.925 -0.00587567 0.0781111
4.95 -0.00416352 0.0785875
4.975 -0.00213485 0.0789074
5 -1.65027e-017 0.0790696
