0 0.015501 0
1.25664 0.0313118 0.0161043
2.51327 0.0322786 0.0331912
3.76991 0.0340262 0.0524537
5.02655 0.0368079 0.0756059
6.28319 0.041108 0.105487
7.53982 0.0478939 0.147474
8.79646 0.0593036 0.213432
10.0531 0.0808707 0.335556
11.3097 0.129235 0.631486
12.5664 0.197497 1.53235
13.823 0.117334 2.43301
15.0796 0.0666282 2.72834
16.3363 0.0442928 2.84944
17.5929 0.0323773 2.91392
18.8496 0.0250993 2.95392
20.1062 0.0202408 2.98125
21.3628 0.0167916 3.00118
22.6195 0.0142309 3.01641
23.8761 0.0122641 3.02848
25.1327 0.0107126 3.03831
26.3894 0.00946216 3.04649
27.646 0.00843643 3.05343
28.9027 0.00758246 3.0594
30.1593 0.0068625 3.0646
31.4159 0.0062489 3.06918
32.6726 0.00572099 3.07326
33.9292 0.00526302 3.07691
35.1858 0.0048628 3.08021
36.4425 0.00451073 3.0832
37.6991 0.00419919 3.08594
38.9557 0.00392205 3.08846
40.2124 0.00367431 3.09078
41.469 0.00345187 3.09293
42.7257 0.00325135 3.09493
43.9823 0.0030699 3.09679
45.2389 0.00290515 3.09854
46.4956 0.0027551 3.10018
47.7522 0.00261802 3.10173
49.0088 0.00249246 3.10319
50.2655 0.00237715 3.10457
51.5221 0.002271 3.10588
52.7788 0.00217308 3.10712
54.0354 0.00208256 3.10831
55.292 0.00199871 3.10944
56.5487 0.00192091 3.11052
57.8053 0.00184859 3.11156
59.0619 0.00178126 3.11255
60.3186 0.00171848 3.11351
61.5752 0.00165987 3.11443
62.8319 0.00160507 3.11531
64.0885 0.00155377 3.11616
65.3451 0.0015057 3.11699
66.6018 0.0014606 3.11778
67.8584 0.00141824 3.11855
69.115 0.00137842 3.1193
70.3717 0.00134097 3.12002
71.6283 0.00130569 3.12073
72.8849 0.00127246 3.12141
74.1416 0.00124112 3.12208
75.3982 0.00121156 3.12273
76.6549 0.00118365 3.12336
77.9115 0.00115729 3.12397
79.1681 0.00113238 3.12458
80.4248 0.00110884 3.12516
81.6814 0.00108658 3.12574
82.938 0.00106553 3.1263
84.1947 0.00104562 3.12686
85.4513 0.00102679 3.1274
86.708 0.00100897 3.12793
87.9646 0.000992126 3.12845
89.2212 0.000976193 3.12896
90.4779 0.000961129 3.12947
91.7345 0.000946893 3.12996
92.9911 0.000933444 3.13045
94.2478 0.000920747 3.13093
95.5044 0.000908768 3.13141
96.7611 0.000897476 3.13187
98.0177 0.000886842 3.13234
99.2743 0.00087684 3.13279
100.531 0.000867445 3.13324
101.788 0.000858634 3.13369
103.044 0.000850387 3.13413
104.301 0.000842685 3.13457
105.558 0.000835508 3.135
106.814 0.000828842 3.13543
108.071 0.000822671 3.13586
109.327 0.000816981 3.13628
110.584 0.00081176 3.1367
111.841 0.000806996 3.13712
113.097 0.00080268 3.13753
114.354 0.000798801 3.13794
115.611 0.000795353 3.13835
116.867 0.000792326 3.13876
118.124 0.000789716 3.13917
119.381 0.000787516 3.13958
120.637 0.000785723 3.13998
121.894 0.000784331 3.14038
123.15 0.00078334 3.14079
124.407 0.000782745 3.14119
125.664 0.000782548 3.14159
