0 0.0790696
0.025 -0.222314
0.05 -0.480199
0.075 -0.671953
0.1 -0.782413
0.125 -0.804982
0.15 -0.741844
0.175 -0.603324
0.2 -0.406501
0.225 -0.173236
0.25 0.0721615
0.275 0.30539
0.3 0.504488
0.325 0.651836
0.35 0.735631
0.375 0.750744
0.4 0.698882
0.425 0.588097
0.45 0.431699
0.475 0.246724
0.5 0.0521138
0.525 -0.133192
0.55 -0.29208
0.575 -0.410813
0.6 -0.480188
0.625 -0.496195
0.65 -0.460151
0.675 -0.378313
0.7 -0.261032
0.725 -0.121562
0.75 0.0253608
0.775 0.165001
0.8 0.284045
0.825 0.371809
0.85 0.42114
0.875 0.42893
0.9 0.39622
0.925 0.327895
0.95 0.232032
0.975 0.118965
1 0.000185342
1.025 -0.112819
1.05 -0.209667
1.075 -0.282027
1.1 -0.324317
1.125 -0.334107
1.15 -0.312195
1.175 -0.262379
1.2 -0.19094
1.225 -0.105918
1.25 -0.0162555
1.275 0.0691062
1.3 0.142088
1.325 0.196206
1.35 0.227116
1.375 0.232928
1.4 0.214268
1.425 0.174092
1.45 0.117294
1.475 0.0501345
1.5 -0.0204232
1.525 -0.0874184
1.55 -0.144562
1.575 -0.186808
1.6 -0.210777
1.625 -0.215004
1.65 -0.199981
1.675 -0.168018
1.7 -0.122933
1.725 -0.0696099
1.75 -0.0134811
1.775 0.0400235
1.8 0.0859962
1.825 0.120497
1.85 0.140884
1.875 0.146003
1.9 0.136229
1.925 0.113347
1.95 0.0803189
1.975 0.0409371
2 -0.000580719
2.025 -0.0400179
2.05 -0.0735645
2.075 -0.0981644
2.1 -0.111772
2.125 -0.113503
2.15 -0.103657
2.175 -0.0836393
2.2 -0.0557672
2.225 -0.0230052
2.25 0.0113513
2.275 0.0440078
2.3 0.0719872
2.325 0.0929001
2.35 0.105145
2.375 0.108023
2.4 0.101762
2.425 0.0874486
2.45 0.0668809
2.475 0.0423622
2.5 0.016454
2.525 -0.00828214
2.55 -0.0295312
2.575 -0.0454349
2.6 -0.0547478
2.625 -0.0569271
2.65 -0.0521503
2.675 -0.041263
2.7 -0.0256646
2.725 -0.00714656
2.75 0.0122989
2.775 0.0306805
2.8 0.0461998
2.825 0.0574145
2.85 0.0633606
2.875 0.0636218
2.9 0.0583437
2.925 0.0481925
2.95 0.0342665
2.975 0.01797
3 0.000864
3.025 -0.0154908
3.05 -0.029683
3.075 -0.0405789
3.1 -0.0474161
3.125 -0.0498592
3.15 -0.0480096
3.175 -0.0423742
3.2 -0.0337961
3.225 -0.0233568
3.25 -0.0122595
3.275 -0.00170756
3.3 0.00721239
3.325 0.0136294
3.35 0.016962
3.375 0.0169606
3.4 0.013716
3.425 0.00763421
3.45 -0.000617152
3.475 -0.0101853
3.5 -0.020123
3.525 -0.0294836
3.55 -0.0374115
3.575 -0.0432199
3.6 -0.0464481
3.625 -0.0468945
3.65 -0.044623
3.675 -0.039944
3.7 -0.0333723
3.725 -0.0255676
3.75 -0.017264
3.775 -0.00919596
3.8 -0.00202779
3.825 0.0037068
3.85 0.0076493
3.875 0.00964215
3.9 0.00973381
3.925 0.00816376
3.95 0.00532985
3.975 0.00174192
4 -0.002033
4.025 -0.00542848
4.05 -0.00793358
4.075 -0.00913975
4.1 -0.00877568
4.125 -0.00672728
4.15 -0.00304163
4.175 0.00208479
4.2 0.00833149
4.225 0.0152902
4.25 0.0225075
4.275 0.02953
4.3 0.035947
4.325 0.0414271
4.35 0.0457455
4.375 0.0487994
4.4 0.0506113
4.425 0.0513199
4.45 0.0511601
4.475 0.0504352
4.5 0.0494836
4.525 0.0486436
4.55 0.0482204
4.575 0.0484574
4.6 0.0495153
4.625 0.0514597
4.65 0.0542593
4.675 0.0577923
4.7 0.0618624
4.725 0.0662205
4.75 0.0705906
4.775 0.0746973
4.8 0.0782915
4.825 0.0811728
4.85 0.083206
4.875 0.0843304
4.9 0.0845617
4.925 0.0839867
4.95 0.0827511
4.975 0.0810423
5 0.0790696
