0 0.00497512 0
3.14159 1.26715 1.54724
6.28319 0.00995025 1.62413e-016
9.42478 0.423044 1.50018
12.5664 0.00995025 8.59599e-015
15.708 0.254616 1.45329
18.8496 0.00995025 -8.15862e-015
21.9911 0.182711 1.40668
25.1327 0.00995025 6.11568e-014
28.2743 0.142979 1.36047
31.4159 0.00995025 -4.44761e-015
34.5575 0.117867 1.31475
37.6991 0.00995025 1.54351e-014
40.8407 0.100625 1.26961
43.9823 0.00995025 5.73044e-015
47.1239 0.0881026 1.22514
50.2655 0.00995025 -1.27153e-013
53.4071 0.0786305 1.1814
56.5487 0.00995025 1.20227e-014
59.6903 0.0712429 1.13845
62.8319 0.00995025 1.76291e-015
65.9734 0.0653417 1.09636
69.115 0.00995025 -2.53723e-014
72.2566 0.0605366 1.05514
75.3982 0.00995025 5.12984e-014
78.5398 0.0565623 1.01485
81.6814 0.00995025 -4.58919e-014
84.823 0.053232 0.975485
87.9646 0.00995025 -1.3075e-014
91.1062 0.0504104 0.937067
94.2478 0.00995025 -9.07254e-014
97.3894 0.0479973 0.899596
100.531 0.00995025 -9.28077e-015
103.673 0.0459165 0.863069
106.814 0.00995025 1.38888e-013
109.956 0.0441098 0.827474
113.097 0.00995025 7.83618e-015
116.239 0.0425311 0.792794
119.381 0.00995025 -9.26848e-014
122.522 0.0411441 0.759011
125.664 0.00995025 -7.13032e-014
128.805 0.0399197 0.726099
131.947 0.00995025 -5.32523e-014
135.088 0.0388341 0.694031
138.23 0.00995025 -4.38612e-014
141.372 0.0378679 0.662778
144.513 0.00995025 -1.38387e-013
147.655 0.0370051 0.632309
150.796 0.00995025 -7.74814e-014
153.938 0.0362323 0.602591
157.08 0.00995025 -1.09058e-013
160.221 0.0355384 0.57359
163.363 0.00995025 1.1494e-013
166.504 0.0349137 0.545273
169.646 0.00995025 3.518e-014
172.788 0.0343504 0.517606
175.929 0.00995025 -1.72922e-013
179.071 0.0338416 0.490555
182.212 0.00995025 2.99814e-014
185.354 0.0333815 0.464086
188.496 0.00995025 -7.26489e-014
191.637 0.0329649 0.438165
194.779 0.00995025 -1.06556e-013
197.92 0.0325876 0.412761
201.062 0.00995025 1.06373e-014
204.204 0.0322457 0.387841
207.345 0.00995025 -1.37956e-013
210.487 0.0319361 0.363374
213.628 0.00995025 -9.78119e-014
216.77 0.0316558 0.339329
219.911 0.00995025 -9.63034e-014
223.053 0.0314024 0.315675
226.195 0.00995025 2.02243e-014
229.336 0.0311738 0.292385
232.478 0.00995025 9.78941e-014
235.619 0.030968 0.269428
238.761 0.00995025 -1.68827e-013
241.903 0.0307833 0.246778
245.044 0.00995025 2.04939e-013
248.186 0.0306185 0.224407
251.327 0.00995025 1.71547e-014
254.469 0.0304721 0.202288
257.611 0.00995025 -1.44318e-013
260.752 0.0303431 0.180397
263.894 0.00995025 1.92423e-013
267.035 0.0302307 0.158706
270.177 0.00995025 -3.91028e-015
273.319 0.0301339 0.137193
276.46 0.00995025 -6.95364e-015
279.602 0.0300521 0.115831
282.743 0.00995025 -1.71024e-014
285.885 0.0299848 0.0945975
289.027 0.00995025 -4.92157e-013
292.168 0.0299315 0.0734682
295.31 0.00995025 3.78176e-014
298.451 0.0298918 0.0524197
301.593 0.00995025 -5.93449e-014
304.734 0.0298655 0.0314288
307.876 0.00995025 9.80945e-014
311.018 0.0298524 0.0104725
314.159 0.00995025 3.46766e-013
