0 1 0.0447761
0.01 1 0.0845329
0.02 1 0.124182
0.03 1 0.163684
0.04 1 0.203
0.05 1 0.242093
0.06 1 0.280923
0.07 1 0.319454
0.08 1 0.357648
0.09 1 0.395468
0.1 1 0.432878
0.11 1 0.469841
0.12 1 0.506324
0.13 1 0.542289
0.14 1 0.577705
0.15 1 0.612536
0.16 1 0.646751
0.17 1 0.680317
0.18 1 0.713201
0.19 1 0.745375
0.2 1 0.776807
0.21 1 0.807468
0.22 1 0.837329
0.23 1 0.866364
0.24 1 0.894545
0.25 1 0.921846
0.26 1 0.948243
0.27 1 0.97371
0.28 1 0.998225
0.29 1 1.02177
0.3 1 1.04431
0.31 1 1.06584
0.32 1 1.08633
0.33 1 1.10577
0.34 1 1.12413
0.35 1 1.14141
0.36 1 1.15758
0.37 1 1.17263
0.38 1 1.18655
0.39 1 1.19933
0.4 1 1.21095
0.41 1 1.2214
0.42 1 1.23068
0.43 1 1.23878
0.44 1 1.24568
0.45 1 1.25139
0.46 1 1.25589
0.47 1 1.25919
0.48 1 1.26128
0.49 1 1.26216
0.5 1 1.26183
0.51 1 1.26028
0.52 1 1.25753
0.53 1 1.25357
0.54 1 1.24841
0.55 1 1.24205
0.56 1 1.23449
0.57 1 1.22575
0.58 1 1.21583
0.59 1 1.20475
0.6 1 1.1925
0.61 1 1.17911
0.62 1 1.16457
0.63 1 1.14892
0.64 1 1.13216
0.65 1 1.1143
0.66 1 1.09537
0.67 1 1.07537
0.68 1 1.05434
0.69 1 1.03228
0.7 1 1.00922
0.71 1 0.985174
0.72 1 0.96017
0.73 1 0.934229
0.74 1 0.907374
0.75 1 0.879631
0.76 1 0.851024
0.77 1 0.821581
0.78 1 0.791328
0.79 1 0.760294
0.8 1 0.728507
0.81 1 0.695997
0.82 1 0.662794
0.83 1 0.628929
0.84 1 0.594434
0.85 1 0.559342
0.86 1 0.523685
0.87 1 0.487498
0.88 1 0.450815
0.89 1 0.413669
0.9 1 0.376098
0.91 1 0.338137
0.92 1 0.299822
0.93 1 0.261191
0.94 1 0.222279
0.95 1 0.183126
0.96 1 0.14377
0.97 1 0.104247
0.98 1 0.0645982
0.99 1 0.0248609
1 -1 -0.0149254
1.01 -1 -0.0547215
1.02 -1 -0.094488
1.03 -1 -0.134186
1.04 -1 -0.173775
1.05 -1 -0.213216
1.06 -1 -0.25247
1.07 -1 -0.291498
1.08 -1 -0.330259
1.09 -1 -0.368715
1.1 -1 -0.406828
1.11 -1 -0.444558
1.12 -1 -0.481866
1.13 -1 -0.518716
1.14 -1 -0.55507
1.15 -1 -0.590889
1.16 -1 -0.626138
1.17 -1 -0.660779
1.18 -1 -0.694778
1.19 -1 -0.728099
1.2 -1 -0.760707
1.21 -1 -0.792568
1.22 -1 -0.82365
1.23 -1 -0.85392
1.24 -1 -0.883345
1.25 -1 -0.911896
1.26 -1 -0.939542
1.27 -1 -0.966254
1.28 -1 -0.992004
1.29 -1 -1.01676
1.3 -1 -1.04051
1.31 -1 -1.06321
1.32 -1 -1.08485
1.33 -1 -1.1054
1.34 -1 -1.12484
1.35 -1 -1.14315
1.36 -1 -1.16031
1.37 -1 -1.1763
1.38 -1 -1.19111
1.39 -1 -1.20471
1.4 -1 -1.2171
1.41 -1 -1.22826
1.42 -1 -1.23817
1.43 -1 -1.24683
1.44 -1 -1.25423
1.45 -1 -1.26036
1.46 -1 -1.26522
1.47 -1 -1.26879
1.48 -1 -1.27107
1.49 -1 -1.27207
1.5 -1 -1.27178
1.51 -1 -1.27019
1.52 -1 -1.26732
1.53 -1 -1.26317
1.54 -1 -1.25773
1.55 -1 -1.25102
1.56 -1 -1.24305
1.57 -1 -1.23381
1.58 -1 -1.22332
1.59 -1 -1.2116
1.6 -1 -1.19865
1.61 -1 -1.18449
1.62 -1 -1.16913
1.63 -1 -1.15259
1.64 -1 -1.13489
1.65 -1 -1.11605
1.66 -1 -1.09608
1.67 -1 -1.07501
1.68 -1 -1.05286
1.69 -1 -1.02966
1.7 -1 -1.00542
1.71 -1 -0.980173
1.72 -1 -0.953949
1.73 -1 -0.926773
1.74 -1 -0.898673
1.75 -1 -0.869681
1.76 -1 -0.839825
1.77 -1 -0.809137
1.78 -1 -0.777649
1.79 -1 -0.745395
1.8 -1 -0.712407
1.81 -1 -0.678721
1.82 -1 -0.64437
1.83 -1 -0.609392
1.84 -1 -0.573821
1.85 -1 -0.537695
1.86 -1 -0.50105
1.87 -1 -0.463925
1.88 -1 -0.426357
1.89 -1 -0.388386
1.9 -1 -0.350048
1.91 -1 -0.311384
1.92 -1 -0.272433
1.93 -1 -0.233234
1.94 -1 -0.193826
1.95 -1 -0.15425
1.96 -1 -0.114544
1.97 -1 -0.0747491
1.98 -1 -0.0349043
1.99 -1 0.00495058
2 1 0.0447761
