0 -0.955224
0.01 -0.915467
0.02 -0.875818
0.03 -0.836316
0.04 -0.797
0.05 -0.757907
0.06 -0.719077
0.07 -0.680546
0.08 -0.642352
0.09 -0.604532
0.1 -0.567122
0.11 -0.530159
0.12 -0.493676
0.13 -0.457711
0.14 -0.422295
0.15 -0.387464
0.16 -0.353249
0.17 -0.319683
0.18 -0.286799
0.19 -0.254625
0.2 -0.223193
0.21 -0.192532
0.22 -0.162671
0.23 -0.133636
0.24 -0.105455
0.25 -0.0781538
0.26 -0.0517574
0.27 -0.02629
0.28 -0.00177498
0.29 0.0217653
0.3 0.0443095
0.31 0.0658372
0.32 0.0863287
0.33 0.105766
0.34 0.12413
0.35 0.141406
0.36 0.157578
0.37 0.172631
0.38 0.186552
0.39 0.199328
0.4 0.210949
0.41 0.221403
0.42 0.230681
0.43 0.238776
0.44 0.245679
0.45 0.251386
0.46 0.25589
0.47 0.259189
0.48 0.261279
0.49 0.262158
0.5 0.261826
0.51 0.260283
0.52 0.25753
0.53 0.253571
0.54 0.248408
0.55 0.242047
0.56 0.234492
0.57 0.225752
0.58 0.215834
0.59 0.204747
0.6 0.1925
0.61 0.179105
0.62 0.164575
0.63 0.148921
0.64 0.132158
0.65 0.114302
0.66 0.0953688
0.67 0.075375
0.68 0.054339
0.69 0.0322799
0.7 0.00921789
0.71 -0.0148261
0.72 -0.0398301
0.73 -0.0657713
0.74 -0.0926258
0.75 -0.120369
0.76 -0.148976
0.77 -0.178419
0.78 -0.208672
0.79 -0.239706
0.8 -0.271493
0.81 -0.304003
0.82 -0.337206
0.83 -0.371071
0.84 -0.405566
0.85 -0.440658
0.86 -0.476315
0.87 -0.512502
0.88 -0.549185
0.89 -0.586331
0.9 -0.623902
0.91 -0.661863
0.92 -0.700178
0.93 -0.738809
0.94 -0.777721
0.95 -0.816874
0.96 -0.85623
0.97 -0.895753
0.98 -0.935402
0.99 -0.975139
1 0.985075
1.01 0.945279
1.02 0.905512
1.03 0.865814
1.04 0.826225
1.05 0.786784
1.06 0.74753
1.07 0.708502
1.08 0.669741
1.09 0.631285
1.1 0.593172
1.11 0.555442
1.12 0.518134
1.13 0.481284
1.14 0.44493
1.15 0.409111
1.16 0.373862
1.17 0.339221
1.18 0.305222
1.19 0.271901
1.2 0.239293
1.21 0.207432
1.22 0.17635
1.23 0.14608
1.24 0.116655
1.25 0.088104
1.26 0.060458
1.27 0.0337461
1.28 0.00799624
1.29 -0.0167642
1.3 -0.0405089
1.31 -0.0632128
1.32 -0.0848516
1.33 -0.105402
1.34 -0.124843
1.35 -0.143153
1.36 -0.160313
1.37 -0.176304
1.38 -0.191109
1.39 -0.204712
1.4 -0.217098
1.41 -0.228255
1.42 -0.23817
1.43 -0.246832
1.44 -0.254232
1.45 -0.260362
1.46 -0.265216
1.47 -0.268787
1.48 -0.271072
1.49 -0.272069
1.5 -0.271776
1.51 -0.270194
1.52 -0.267323
1.53 -0.263168
1.54 -0.257733
1.55 -0.251023
1.56 -0.243045
1.57 -0.233809
1.58 -0.223323
1.59 -0.211599
1.6 -0.19865
1.61 -0.184489
1.62 -0.169131
1.63 -0.152593
1.64 -0.134893
1.65 -0.116049
1.66 -0.0960818
1.67 -0.0750119
1.68 -0.052862
1.69 -0.0296555
1.7 -0.00541723
1.71 0.0198273
1.72 0.0460514
1.73 0.0732274
1.74 0.101327
1.75 0.130319
1.76 0.160175
1.77 0.190863
1.78 0.222351
1.79 0.254605
1.8 0.287593
1.81 0.321279
1.82 0.35563
1.83 0.390608
1.84 0.426179
1.85 0.462305
1.86 0.49895
1.87 0.536075
1.88 0.573643
1.89 0.611614
1.9 0.649952
1.91 0.688616
1.92 0.727567
1.93 0.766766
1.94 0.806174
1.95 0.84575
1.96 0.885456
1.97 0.925251
1.98 0.965096
1.99 1.00495
2 -0.955224
