100000 0 0
500000 0 0.002
1000000 0 0.003991
5000000 0 0.018899
10000000 0 0.036
100000 0 0.000999
500000 0 0.001007
1000000 0 0.0031
5000000 0 0.017772
10000000 0 0.03408
100000 0.001126 0
500000 0 0.001
1000000 0 0.003892
5000000 0 0.017042
10000000 0 0.034072
100000 0 0
500000 0 0.001999
1000000 0 0.004044
5000000 0 0.02
10000000 0 0.040599
100000 0 0
500000 0 0.001997
1000000 0 0.004065
5000000 0 0.020241
10000000 0 0.033195
100000 0 0.000998
500000 0 0.001002
1000000 0 0.003206
5000000 0 0.015613
10000000 0 0.034407
